(0,6,0)

x: 0.0 y: 5.428628254217653 z: 4.133012503880958
b_theta: 21.77674817929684
c_theta: 8.204175945710716
8.79856 0
x: 0.0 y: 6.737881571566136 z: 1.0429057149486372

(0,6,1)
x: 0.0 y: 5.428628254217653 z: 4.133012503880958
b_theta: 22.32916588449755
c_theta: 6.627849531067483
2.98752 0
x: 0.0 y: 6.745290610542202 z: 1.1079340154642392